0000
0101
0011
1111100101110000
1111100110010000
1111100110000000
1111100111000000
1111100110100000
1111101000000000
1111100110110000
1111100101100000
1111100111110000
1111100111010000
111110010010
1111111111110001
0011
1111111111110010
1111111111110000
111110010001
1111100100000000
1111101000100000
1111101000010000
1111101001000000
1111101000110000
1111101001100000
1111101001010000
11111010010000000
11111010010010000
1111101001110000
111100000000
111110010100
1001
1010
0111
11110011
0010
111100100000
0101
11110101
11110110
0101
111110010110
1000
111110010101
0000
1001
1010
1011
1100
1101
1110
1111
0001
0010
0011
0100
0101
0110
0111
1000
1111101010010000
1111101011000000
1111101010110000
1111101011100000
1111101011010000
1111101100000000
1111101011110000
1111101100100000
1111101100110000
1111101100010000
111110110100
111110010011
111100010000
0001
11111000
1101